Histogram of latencies measured:
1 , 0
2 , 0
3 , 0
4 , 0
5 , 0
6 , 0
7 , 0
8 , 0
9 , 0
10 , 0
11 , 0
12 , 0
13 , 0
14 , 0
15 , 0
16 , 0
17 , 0
18 , 0
19 , 0
20 , 0
21 , 0
22 , 0
23 , 0
24 , 0
25 , 0
26 , 0
27 , 0
28 , 0
29 , 0
30 , 1
31 , 4
32 , 31
33 , 34
34 , 13
35 , 6
36 , 2
37 , 7
38 , 4
39 , 3
40 , 3
41 , 1
42 , 3
43 , 1
44 , 1
45 , 0
46 , 1
47 , 2
48 , 0
49 , 0
50 , 0
51 , 0
52 , 0
53 , 0
54 , 0
55 , 1
56 , 0
57 , 1
58 , 0
59 , 0
60 , 0
61 , 0
62 , 0
63 , 0
64 , 1
65 , 1
66 , 0
67 , 16
68 , 24
69 , 67
70 , 360
71 , 708
72 , 766
73 , 568
74 , 413
75 , 288
76 , 183
77 , 158
78 , 114
79 , 95
80 , 80
81 , 57
82 , 41
83 , 91
84 , 110
85 , 97
86 , 98
87 , 84
88 , 37
89 , 39
90 , 36
91 , 28
92 , 14
93 , 12
94 , 8
95 , 14
96 , 15
97 , 22
98 , 13
99 , 16
100 , 6
101 , 10
102 , 2
103 , 6
104 , 2
105 , 5
106 , 5
107 , 4
108 , 4
109 , 6
110 , 4
111 , 0
112 , 1
113 , 4
114 , 7
115 , 4
116 , 5
117 , 2
118 , 5
119 , 5
120 , 4
121 , 5
122 , 2
123 , 6
124 , 6
125 , 5
126 , 3
127 , 7
128 , 9
129 , 3
130 , 7
131 , 3
132 , 5
133 , 1
134 , 2
135 , 1
136 , 2
137 , 4
138 , 2
139 , 1
140 , 1
141 , 0
142 , 0
143 , 2
144 , 0
145 , 4
146 , 1
147 , 2
148 , 3
149 , 1
150 , 1
151 , 2
152 , 0
153 , 0
154 , 0
155 , 0
156 , 1
157 , 0
158 , 3
159 , 0
160 , 0
161 , 1
162 , 2
163 , 0
164 , 0
165 , 1
166 , 0
167 , 0
168 , 1
169 , 1
170 , 0
171 , 1
172 , 0
173 , 1
174 , 0
175 , 0
176 , 0
177 , 1
178 , 1
179 , 0
180 , 1
181 , 0
182 , 0
183 , 0
184 , 0
185 , 0
186 , 0
187 , 1
188 , 0
189 , 0
190 , 0
191 , 0
192 , 1
193 , 0
194 , 0
195 , 0
196 , 0
197 , 0
198 , 0
199 , 1
200 , 0
201 , 0
202 , 0
203 , 0
204 , 0
205 , 0
206 , 0
207 , 1
208 , 0
209 , 0
210 , 1
211 , 0
212 , 0
213 , 0
214 , 0
215 , 0
216 , 1
217 , 0
218 , 0
219 , 0
220 , 0
221 , 0
222 , 0
223 , 0
224 , 0
225 , 0
226 , 0
227 , 0
228 , 0
229 , 0
230 , 0
231 , 0
232 , 0
233 , 0
234 , 0
235 , 0
236 , 0
237 , 0
238 , 0
239 , 0
240 , 0
241 , 0
242 , 0
243 , 0
244 , 0
245 , 0
246 , 0
247 , 0
248 , 0
249 , 0
250 , 0
251 , 0
252 , 0
253 , 0
254 , 0
255 , 0
256 , 0
257 , 0
258 , 0
259 , 0
260 , 1
261 , 0
262 , 0
263 , 0
264 , 0
265 , 0
266 , 0
267 , 0
268 , 0
269 , 0
270 , 0
271 , 0
272 , 0
273 , 0
274 , 0
275 , 0
276 , 0
277 , 0
278 , 0
279 , 0
280 , 0
281 , 0
282 , 0
283 , 0
284 , 0
285 , 0
286 , 0
287 , 0
288 , 0
289 , 0
290 , 0
291 , 0
292 , 0
293 , 0
294 , 0
295 , 0
296 , 0
297 , 0
298 , 0
299 , 0
300 , 0
301 , 0
302 , 0
303 , 0
304 , 0
305 , 0
306 , 0
307 , 0
308 , 0
309 , 0
310 , 0
311 , 0
312 , 0
313 , 0
314 , 0
315 , 1
316 , 0
317 , 0
318 , 0
319 , 0
320 , 0
321 , 0
322 , 0
323 , 0
324 , 0
325 , 0
326 , 0
327 , 0
328 , 0
329 , 0
330 , 1
331 , 0
332 , 0
333 , 0
334 , 0
335 , 0
336 , 0
337 , 0
338 , 0
339 , 0
340 , 0
341 , 0
342 , 0
343 , 0
344 , 0
345 , 0
346 , 0
347 , 0
348 , 0
349 , 0
350 , 0
351 , 0
352 , 0
353 , 0
354 , 0
355 , 0
356 , 0
357 , 0
358 , 0
359 , 0
360 , 0
361 , 0
362 , 0
363 , 0
364 , 0
365 , 0
366 , 0
367 , 0
368 , 0
369 , 0
370 , 0
371 , 0
372 , 0
373 , 0
374 , 0
375 , 0
376 , 0
377 , 0
378 , 0
379 , 0
380 , 0
381 , 0
382 , 0
383 , 0
384 , 0
385 , 0
386 , 0
387 , 0
388 , 0
389 , 0
390 , 0
391 , 0
392 , 0
393 , 0
394 , 0
395 , 0
396 , 0
397 , 0
398 , 0
399 , 0
400 , 0
401 , 0
402 , 0
403 , 0
404 , 0
405 , 0
406 , 0
407 , 0
408 , 0
409 , 0
410 , 0
411 , 0
412 , 0
413 , 0
414 , 0
415 , 0
416 , 0
417 , 0
418 , 0
419 , 0
420 , 0
421 , 0
422 , 0
423 , 0
424 , 0
425 , 0
426 , 0
427 , 0
428 , 0
429 , 0
430 , 0
431 , 0
432 , 0
433 , 0
434 , 0
435 , 0
436 , 0
437 , 0
438 , 0
439 , 0
440 , 0
441 , 0
442 , 0
443 , 0
444 , 0
445 , 0
446 , 0
447 , 0
448 , 0
449 , 1
450 , 0
451 , 0
452 , 0
453 , 0
454 , 0
455 , 0
456 , 0
457 , 0
458 , 0
459 , 0
460 , 0
461 , 0
462 , 0
463 , 0
464 , 0
465 , 0
466 , 0
467 , 0
468 , 0
469 , 0
470 , 0
471 , 0
472 , 0
473 , 0
474 , 0
475 , 0
476 , 0
477 , 0
478 , 0
479 , 0
480 , 0
481 , 0
482 , 0
483 , 0
484 , 0
485 , 0
486 , 0
487 , 0
488 , 0
489 , 0
490 , 0
491 , 0
492 , 0
493 , 0
494 , 0
495 , 0
496 , 0
497 , 0
498 , 0
499 , 0
500 , 0
Average latency:  76.2807778 microseconds
Maximum latency:  448.905 microseconds
